PAAC4_A,PAAC4_C,PAAC4_D,PAAC4_E,PAAC4_F,PAAC4_G,PAAC4_H,PAAC4_I,PAAC4_K,PAAC4_L,PAAC4_M,PAAC4_N,PAAC4_P,PAAC4_Q,PAAC4_R,PAAC4_S,PAAC4_T,PAAC4_V,PAAC4_W,PAAC4_Y,PAAC4_lam1,PAAC4_lam2,PAAC4_lam3,PAAC4_lam4
27.27,0.0,9.09,0.0,9.09,9.09,0.0,0.0,0.0,0.0,0.0,9.09,9.09,0.0,0.0,0.0,0.0,18.18,0.0,9.09,0.0778,0.057999999999999996,0.0542,0.06
0.0,54.55,0.0,9.09,0.0,0.0,0.0,0.0,0.0,0.0,0.0,0.0,0.0,0.0,0.0,18.18,18.18,0.0,0.0,0.0,0.0245,0.0209,0.025,0.0262
0.0,0.0,9.09,18.18,9.09,9.09,9.09,0.0,0.0,9.09,9.09,0.0,18.18,0.0,0.0,0.0,0.0,9.09,0.0,0.0,0.0466,0.0772,0.0639,0.0536
0.0,0.0,0.0,18.18,9.09,9.09,9.09,0.0,0.0,9.09,9.09,9.09,18.18,0.0,0.0,0.0,0.0,9.09,0.0,0.0,0.0473,0.0646,0.0524,0.0538
0.0,0.0,9.09,18.18,18.18,9.09,0.0,0.0,0.0,9.09,9.09,9.09,18.18,0.0,0.0,0.0,0.0,0.0,0.0,0.0,0.0499,0.0762,0.0665,0.0656
0.0,0.0,9.09,18.18,9.09,9.09,0.0,0.0,0.0,9.09,9.09,9.09,18.18,0.0,0.0,0.0,0.0,9.09,0.0,0.0,0.0443,0.0728,0.0622,0.06
0.0,0.0,0.0,18.18,18.18,9.09,0.0,0.0,0.0,9.09,9.09,18.18,18.18,0.0,0.0,0.0,0.0,0.0,0.0,0.0,0.0507,0.0656,0.053,0.0662
0.0,18.18,0.0,0.0,9.09,0.0,0.0,18.18,0.0,0.0,9.09,0.0,18.18,0.0,9.09,0.0,9.09,0.0,0.0,9.09,0.0623,0.0733,0.0441,0.0646
0.0,0.0,0.0,0.0,9.09,0.0,0.0,0.0,9.09,0.0,0.0,9.09,9.09,18.18,27.27,0.0,0.0,9.09,9.09,0.0,0.1041,0.0968,0.0434,0.0978
9.09,0.0,9.09,0.0,0.0,27.27,0.0,18.18,9.09,27.27,0.0,0.0,0.0,0.0,0.0,0.0,0.0,0.0,0.0,0.0,0.0768,0.0926,0.0457,0.0652
0.0,0.0,0.0,0.0,0.0,0.0,0.0,0.0,45.45,45.45,0.0,0.0,0.0,0.0,0.0,0.0,0.0,0.0,9.09,0.0,0.087,0.145,0.0725,0.0622
0.0,18.18,9.09,0.0,0.0,0.0,9.09,0.0,0.0,18.18,9.09,9.09,9.09,0.0,0.0,9.09,9.09,0.0,0.0,0.0,0.0386,0.0292,0.0294,0.036000000000000004
0.0,0.0,0.0,0.0,0.0,9.09,0.0,18.18,0.0,27.27,0.0,9.09,18.18,0.0,9.09,0.0,9.09,0.0,0.0,0.0,0.0604,0.0735,0.0474,0.0312
0.0,0.0,0.0,0.0,18.18,9.09,0.0,0.0,9.09,9.09,9.09,0.0,18.18,18.18,9.09,0.0,0.0,0.0,0.0,0.0,0.0642,0.0543,0.063,0.0776
0.0,0.0,0.0,0.0,0.0,0.0,0.0,18.18,9.09,36.36,0.0,0.0,0.0,0.0,9.09,18.18,9.09,0.0,0.0,0.0,0.0611,0.1115,0.0819,0.0722
0.0,0.0,0.0,9.09,18.18,9.09,0.0,0.0,0.0,0.0,9.09,0.0,0.0,0.0,0.0,18.18,9.09,18.18,0.0,9.09,0.0565,0.0458,0.0712,0.0701
8.33,0.0,8.33,0.0,0.0,8.33,8.33,16.67,16.67,8.33,0.0,0.0,8.33,0.0,0.0,8.33,0.0,0.0,0.0,8.33,0.08800000000000001,0.0989,0.037000000000000005,0.0782
0.0,8.33,0.0,0.0,8.33,0.0,0.0,0.0,16.67,25.0,0.0,0.0,16.67,0.0,0.0,16.67,0.0,8.33,0.0,0.0,0.0602,0.0499,0.0618,0.0373
8.33,0.0,0.0,0.0,8.33,8.33,0.0,8.33,8.33,33.33,0.0,0.0,8.33,0.0,0.0,8.33,0.0,0.0,0.0,8.33,0.0559,0.0829,0.044000000000000004,0.0379
0.0,0.0,0.0,0.0,16.67,8.33,0.0,0.0,16.67,41.67,0.0,0.0,8.33,0.0,8.33,0.0,0.0,0.0,0.0,0.0,0.0889,0.0747,0.0787,0.1369
16.67,0.0,0.0,0.0,8.33,8.33,0.0,0.0,0.0,25.0,0.0,0.0,8.33,0.0,8.33,8.33,0.0,16.67,0.0,0.0,0.0594,0.0599,0.0533,0.0512
8.33,0.0,8.33,0.0,0.0,16.67,8.33,8.33,16.67,8.33,0.0,0.0,8.33,0.0,0.0,8.33,0.0,0.0,0.0,8.33,0.0861,0.0959,0.0409,0.0844
8.33,0.0,8.33,0.0,0.0,16.67,0.0,16.67,16.67,8.33,0.0,0.0,8.33,0.0,0.0,8.33,0.0,0.0,0.0,8.33,0.0919,0.0897,0.0359,0.0908
8.33,0.0,0.0,0.0,0.0,16.67,8.33,16.67,16.67,8.33,0.0,0.0,8.33,0.0,0.0,8.33,0.0,0.0,0.0,8.33,0.0841,0.083,0.0423,0.0805
8.33,0.0,8.33,0.0,0.0,16.67,8.33,8.33,16.67,8.33,0.0,0.0,8.33,0.0,0.0,8.33,0.0,0.0,0.0,8.33,0.0886,0.0986,0.0491,0.0669
8.33,0.0,8.33,0.0,0.0,16.67,8.33,16.67,16.67,0.0,0.0,0.0,8.33,0.0,0.0,8.33,0.0,0.0,0.0,8.33,0.0903,0.1049,0.0345,0.0818
8.33,0.0,8.33,0.0,0.0,16.67,8.33,16.67,8.33,8.33,0.0,0.0,8.33,0.0,0.0,8.33,0.0,0.0,0.0,8.33,0.0775,0.0738,0.0632,0.0766
8.33,0.0,8.33,0.0,0.0,16.67,8.33,16.67,16.67,8.33,0.0,0.0,8.33,0.0,0.0,8.33,0.0,0.0,0.0,0.0,0.0778,0.1029,0.0303,0.0672
8.33,0.0,8.33,0.0,0.0,8.33,8.33,16.67,16.67,8.33,0.0,0.0,8.33,0.0,0.0,8.33,0.0,0.0,0.0,8.33,0.0864,0.1001,0.0342,0.0785
8.33,0.0,8.33,0.0,0.0,16.67,8.33,16.67,8.33,8.33,0.0,0.0,8.33,0.0,0.0,8.33,0.0,0.0,0.0,8.33,0.0734,0.0951,0.0537,0.0665
8.33,0.0,8.33,0.0,0.0,16.67,8.33,16.67,16.67,8.33,0.0,0.0,0.0,0.0,0.0,8.33,0.0,0.0,0.0,8.33,0.0946,0.0967,0.0416,0.0871
8.33,0.0,8.33,0.0,0.0,16.67,8.33,16.67,16.67,8.33,0.0,0.0,8.33,0.0,0.0,0.0,0.0,0.0,0.0,8.33,0.0897,0.1065,0.0351,0.0827
0.0,0.0,8.33,0.0,0.0,16.67,8.33,16.67,16.67,8.33,0.0,0.0,8.33,0.0,0.0,8.33,0.0,0.0,0.0,8.33,0.0896,0.1004,0.0369,0.0807
0.0,0.0,0.0,0.0,0.0,8.33,8.33,8.33,25.0,25.0,8.33,0.0,0.0,0.0,0.0,8.33,0.0,0.0,8.33,0.0,0.0852,0.1183,0.0605,0.0502
8.33,0.0,8.33,0.0,0.0,25.0,0.0,8.33,0.0,41.67,0.0,0.0,0.0,0.0,0.0,8.33,0.0,0.0,0.0,0.0,0.0565,0.0663,0.0279,0.0363
0.0,0.0,0.0,0.0,0.0,25.0,0.0,8.33,0.0,16.67,0.0,0.0,0.0,0.0,8.33,25.0,8.33,8.33,0.0,0.0,0.0756,0.063,0.0728,0.0526
0.0,0.0,0.0,0.0,0.0,16.67,8.33,16.67,8.33,16.67,8.33,0.0,0.0,0.0,8.33,8.33,0.0,0.0,8.33,0.0,0.0898,0.1153,0.0648,0.0685
0.0,0.0,0.0,0.0,0.0,0.0,8.33,8.33,8.33,8.33,0.0,0.0,16.67,8.33,8.33,8.33,0.0,0.0,16.67,8.33,0.0653,0.0953,0.1274,0.0896
0.0,0.0,0.0,0.0,8.33,8.33,0.0,25.0,33.33,16.67,0.0,0.0,0.0,0.0,0.0,0.0,0.0,0.0,8.33,0.0,0.09699999999999999,0.1132,0.0831,0.1076
0.0,0.0,0.0,0.0,0.0,25.0,0.0,16.67,8.33,41.67,0.0,0.0,0.0,0.0,0.0,0.0,8.33,0.0,0.0,0.0,0.0611,0.0752,0.0405,0.0263
0.0,0.0,0.0,0.0,0.0,16.67,0.0,16.67,8.33,41.67,0.0,0.0,0.0,0.0,0.0,8.33,8.33,0.0,0.0,0.0,0.0524,0.0745,0.0392,0.028999999999999998
0.0,0.0,0.0,0.0,0.0,0.0,0.0,25.0,16.67,33.33,0.0,0.0,8.33,0.0,8.33,8.33,0.0,0.0,0.0,0.0,0.0759,0.115,0.0985,0.0527
8.33,8.33,8.33,8.33,8.33,0.0,8.33,25.0,0.0,8.33,0.0,8.33,0.0,0.0,0.0,8.33,0.0,0.0,0.0,0.0,0.0551,0.0547,0.0778,0.0517
8.33,0.0,0.0,0.0,0.0,8.33,8.33,25.0,16.67,16.67,0.0,8.33,0.0,0.0,0.0,0.0,0.0,0.0,8.33,0.0,0.0841,0.1049,0.0735,0.0486
16.67,0.0,0.0,0.0,0.0,0.0,0.0,8.33,8.33,16.67,0.0,0.0,8.33,0.0,16.67,0.0,8.33,16.67,0.0,0.0,0.0899,0.0742,0.1069,0.1147
0.0,16.67,0.0,0.0,8.33,0.0,0.0,25.0,0.0,8.33,0.0,0.0,0.0,0.0,33.33,0.0,0.0,8.33,0.0,0.0,0.1159,0.1267,0.0572,0.1223
0.0,16.67,0.0,0.0,0.0,0.0,0.0,16.67,0.0,8.33,0.0,0.0,0.0,0.0,33.33,0.0,0.0,25.0,0.0,0.0,0.115,0.1236,0.0529,0.12300000000000001
8.33,16.67,0.0,0.0,8.33,0.0,8.33,16.67,0.0,8.33,0.0,0.0,16.67,0.0,8.33,0.0,0.0,8.33,0.0,0.0,0.062,0.0368,0.0632,0.0479
8.33,16.67,0.0,0.0,0.0,0.0,0.0,16.67,0.0,8.33,0.0,0.0,16.67,0.0,8.33,0.0,0.0,8.33,0.0,16.67,0.0681,0.0427,0.0588,0.0507
0.0,0.0,0.0,8.33,8.33,0.0,8.33,8.33,0.0,16.67,0.0,0.0,0.0,8.33,16.67,16.67,0.0,8.33,0.0,0.0,0.0755,0.0731,0.1029,0.094
0.0,0.0,0.0,8.33,0.0,0.0,8.33,8.33,8.33,8.33,8.33,0.0,0.0,8.33,16.67,16.67,0.0,8.33,0.0,0.0,0.0807,0.0487,0.098,0.0996
0.0,8.33,0.0,8.33,0.0,0.0,8.33,8.33,0.0,8.33,0.0,0.0,0.0,8.33,25.0,16.67,0.0,8.33,0.0,0.0,0.067,0.0653,0.1023,0.1208
0.0,0.0,0.0,0.0,8.33,0.0,0.0,0.0,0.0,8.33,0.0,8.33,25.0,16.67,0.0,0.0,16.67,16.67,0.0,0.0,0.0276,0.0456,0.0416,0.034
0.0,0.0,0.0,0.0,0.0,0.0,0.0,0.0,8.33,25.0,0.0,8.33,16.67,0.0,0.0,25.0,0.0,8.33,0.0,8.33,0.0498,0.0507,0.0453,0.0419
7.69,0.0,0.0,0.0,7.69,15.38,0.0,0.0,15.38,7.69,0.0,0.0,0.0,7.69,0.0,7.69,15.38,7.69,0.0,7.69,0.0758,0.0719,0.0678,0.0619
15.38,0.0,7.69,7.69,0.0,0.0,0.0,0.0,7.69,7.69,0.0,7.69,7.69,0.0,7.69,0.0,15.38,15.38,0.0,0.0,0.0589,0.0849,0.0496,0.0708
7.69,0.0,0.0,7.69,7.69,30.77,7.69,0.0,0.0,0.0,7.69,0.0,7.69,7.69,0.0,0.0,0.0,7.69,7.69,0.0,0.0568,0.0681,0.0991,0.0759
0.0,0.0,0.0,15.38,0.0,0.0,0.0,7.69,7.69,15.38,0.0,7.69,15.38,0.0,15.38,0.0,0.0,0.0,0.0,15.38,0.0675,0.0797,0.0813,0.1141
0.0,0.0,0.0,0.0,15.38,7.69,0.0,15.38,15.38,23.08,0.0,0.0,7.69,0.0,0.0,7.69,0.0,7.69,0.0,0.0,0.0703,0.1007,0.0546,0.0315
0.0,0.0,0.0,0.0,23.08,15.38,0.0,7.69,7.69,30.77,0.0,0.0,7.69,0.0,0.0,0.0,0.0,7.69,0.0,0.0,0.0577,0.0666,0.0621,0.0619
0.0,0.0,0.0,0.0,23.08,15.38,0.0,7.69,7.69,23.08,0.0,0.0,7.69,0.0,0.0,7.69,0.0,7.69,0.0,0.0,0.0519,0.0798,0.0577,0.0508
0.0,0.0,0.0,0.0,15.38,15.38,0.0,7.69,7.69,30.77,0.0,0.0,7.69,0.0,0.0,7.69,0.0,7.69,0.0,0.0,0.0512,0.0736,0.0528,0.0496
0.0,0.0,0.0,0.0,15.38,15.38,0.0,7.69,7.69,23.08,0.0,0.0,7.69,0.0,7.69,0.0,0.0,7.69,0.0,7.69,0.0627,0.0909,0.0948,0.1115
0.0,0.0,0.0,0.0,15.38,15.38,0.0,23.08,0.0,15.38,0.0,7.69,7.69,0.0,7.69,0.0,0.0,7.69,0.0,0.0,0.07400000000000001,0.0935,0.0604,0.0717
15.38,0.0,0.0,0.0,15.38,15.38,0.0,15.38,7.69,15.38,0.0,0.0,0.0,0.0,0.0,7.69,0.0,7.69,0.0,0.0,0.0455,0.0794,0.0465,0.035
0.0,0.0,0.0,0.0,30.77,15.38,0.0,23.08,7.69,7.69,0.0,0.0,0.0,0.0,7.69,7.69,0.0,0.0,0.0,0.0,0.0632,0.1216,0.0771,0.0578
0.0,0.0,0.0,0.0,23.08,15.38,0.0,30.77,15.38,7.69,0.0,0.0,0.0,0.0,0.0,7.69,0.0,0.0,0.0,0.0,0.0564,0.1082,0.0697,0.0509
0.0,0.0,0.0,0.0,15.38,15.38,0.0,30.77,15.38,15.38,0.0,0.0,0.0,0.0,0.0,7.69,0.0,0.0,0.0,0.0,0.0519,0.1064,0.0664,0.0415
0.0,0.0,0.0,0.0,15.38,7.69,0.0,7.69,0.0,30.77,0.0,0.0,7.69,0.0,7.69,15.38,0.0,7.69,0.0,0.0,0.0625,0.0916,0.0543,0.0505
15.38,0.0,0.0,0.0,23.08,7.69,0.0,15.38,7.69,15.38,0.0,0.0,0.0,0.0,0.0,15.38,0.0,0.0,0.0,0.0,0.0629,0.0949,0.0491,0.0264
15.38,0.0,0.0,0.0,15.38,7.69,0.0,15.38,7.69,15.38,7.69,0.0,0.0,0.0,0.0,15.38,0.0,0.0,0.0,0.0,0.0588,0.0876,0.0414,0.0232
7.69,0.0,0.0,0.0,7.69,23.08,0.0,15.38,7.69,23.08,7.69,0.0,0.0,0.0,0.0,7.69,0.0,0.0,0.0,0.0,0.0515,0.0887,0.0558,0.024
7.69,0.0,0.0,0.0,7.69,23.08,0.0,15.38,7.69,23.08,7.69,0.0,0.0,0.0,0.0,0.0,7.69,0.0,0.0,0.0,0.0511,0.0839,0.054000000000000006,0.0256
7.69,0.0,0.0,0.0,7.69,15.38,0.0,15.38,7.69,23.08,7.69,0.0,0.0,0.0,0.0,7.69,7.69,0.0,0.0,0.0,0.0528,0.0826,0.0529,0.0133
15.38,0.0,0.0,0.0,7.69,23.08,0.0,7.69,7.69,30.77,7.69,0.0,0.0,0.0,0.0,0.0,0.0,0.0,0.0,0.0,0.0487,0.0802,0.0462,0.0348
15.38,0.0,0.0,0.0,15.38,15.38,0.0,23.08,7.69,15.38,0.0,0.0,0.0,0.0,0.0,7.69,0.0,0.0,0.0,0.0,0.0545,0.0876,0.0535,0.0484
15.38,0.0,0.0,0.0,15.38,7.69,0.0,0.0,7.69,15.38,0.0,7.69,0.0,0.0,0.0,7.69,0.0,15.38,7.69,0.0,0.0556,0.0963,0.0872,0.0612
0.0,0.0,0.0,0.0,7.69,23.08,0.0,15.38,0.0,30.77,0.0,7.69,0.0,0.0,0.0,0.0,15.38,0.0,0.0,0.0,0.0346,0.0654,0.0412,0.0286
0.0,0.0,0.0,0.0,7.69,15.38,0.0,7.69,7.69,15.38,0.0,0.0,7.69,0.0,15.38,0.0,0.0,0.0,23.08,0.0,0.0801,0.1069,0.0868,0.1271
7.69,0.0,0.0,0.0,7.69,23.08,0.0,7.69,7.69,38.46,0.0,0.0,0.0,0.0,0.0,7.69,0.0,0.0,0.0,0.0,0.0569,0.075,0.0507,0.0141
7.69,0.0,0.0,0.0,7.69,15.38,0.0,0.0,7.69,30.77,7.69,7.69,0.0,0.0,0.0,7.69,0.0,0.0,7.69,0.0,0.0623,0.1018,0.0782,0.0564
15.38,0.0,0.0,0.0,15.38,7.69,0.0,15.38,0.0,23.08,0.0,0.0,7.69,7.69,0.0,7.69,0.0,0.0,0.0,0.0,0.0338,0.0564,0.0396,0.0301
7.69,0.0,0.0,0.0,15.38,7.69,0.0,7.69,7.69,30.77,0.0,0.0,7.69,0.0,0.0,0.0,7.69,7.69,0.0,0.0,0.0532,0.0736,0.0451,0.0382
7.69,0.0,0.0,0.0,15.38,0.0,0.0,0.0,7.69,38.46,0.0,0.0,7.69,0.0,0.0,15.38,0.0,7.69,0.0,0.0,0.0471,0.0752,0.0402,0.0196
7.69,0.0,0.0,0.0,15.38,0.0,0.0,0.0,7.69,38.46,0.0,0.0,7.69,0.0,0.0,7.69,7.69,7.69,0.0,0.0,0.0461,0.0723,0.0388,0.0203
7.69,0.0,0.0,0.0,15.38,0.0,0.0,0.0,7.69,38.46,0.0,0.0,7.69,0.0,0.0,7.69,7.69,7.69,0.0,0.0,0.046,0.0718,0.037000000000000005,0.0203
0.0,0.0,0.0,0.0,15.38,7.69,0.0,15.38,15.38,30.77,0.0,0.0,7.69,0.0,0.0,7.69,0.0,0.0,0.0,0.0,0.0684,0.0953,0.061,0.0473
0.0,0.0,0.0,0.0,15.38,15.38,0.0,0.0,7.69,38.46,0.0,7.69,7.69,0.0,0.0,0.0,0.0,7.69,0.0,0.0,0.0597,0.0829,0.0463,0.04
15.38,0.0,0.0,0.0,7.69,15.38,0.0,15.38,7.69,23.08,7.69,0.0,7.69,0.0,0.0,0.0,0.0,0.0,0.0,0.0,0.0491,0.0749,0.0465,0.0358
7.69,0.0,0.0,0.0,7.69,7.69,0.0,15.38,7.69,30.77,0.0,0.0,7.69,0.0,0.0,7.69,0.0,7.69,0.0,0.0,0.0501,0.0703,0.0448,0.0365
0.0,0.0,0.0,0.0,7.69,15.38,0.0,15.38,7.69,38.46,0.0,0.0,7.69,0.0,0.0,7.69,0.0,0.0,0.0,0.0,0.0517,0.0766,0.0498,0.0387
0.0,0.0,0.0,0.0,7.69,15.38,0.0,15.38,0.0,38.46,0.0,0.0,7.69,7.69,0.0,7.69,0.0,0.0,0.0,0.0,0.0397,0.0598,0.0359,0.0268
0.0,0.0,0.0,0.0,7.69,7.69,0.0,15.38,7.69,38.46,0.0,7.69,7.69,0.0,0.0,0.0,7.69,0.0,0.0,0.0,0.0515,0.0752,0.0454,0.0155
0.0,0.0,0.0,0.0,7.69,15.38,0.0,15.38,7.69,38.46,0.0,0.0,7.69,0.0,0.0,7.69,0.0,0.0,0.0,0.0,0.0521,0.0748,0.0497,0.0387
0.0,0.0,0.0,0.0,7.69,15.38,0.0,7.69,0.0,46.15,0.0,7.69,7.69,0.0,0.0,7.69,0.0,0.0,0.0,0.0,0.0366,0.0566,0.0337,0.0223
0.0,0.0,0.0,0.0,15.38,15.38,0.0,7.69,7.69,30.77,0.0,0.0,7.69,0.0,0.0,7.69,0.0,7.69,0.0,0.0,0.0505,0.0796,0.0553,0.0423
0.0,0.0,0.0,0.0,7.69,15.38,0.0,7.69,7.69,38.46,0.0,0.0,7.69,0.0,0.0,7.69,0.0,7.69,0.0,0.0,0.0498,0.0732,0.0503,0.040999999999999995
0.0,0.0,0.0,0.0,7.69,15.38,0.0,23.08,0.0,23.08,0.0,0.0,7.69,0.0,7.69,7.69,0.0,7.69,0.0,0.0,0.0661,0.0904,0.0663,0.0618
0.0,0.0,0.0,0.0,7.69,15.38,0.0,15.38,0.0,30.77,0.0,0.0,7.69,0.0,7.69,7.69,0.0,7.69,0.0,0.0,0.0656,0.0895,0.0665,0.0617
0.0,0.0,0.0,0.0,7.69,7.69,0.0,7.69,0.0,38.46,0.0,7.69,7.69,0.0,0.0,7.69,7.69,7.69,0.0,0.0,0.0288,0.0507,0.0285,0.0194
7.69,0.0,0.0,0.0,15.38,7.69,0.0,7.69,7.69,38.46,0.0,0.0,7.69,0.0,0.0,7.69,0.0,0.0,0.0,0.0,0.0569,0.0826,0.0429,0.0157
7.69,0.0,0.0,0.0,15.38,15.38,0.0,15.38,7.69,30.77,0.0,0.0,7.69,0.0,0.0,0.0,0.0,0.0,0.0,0.0,0.0514,0.079,0.0471,0.0297
0.0,0.0,0.0,0.0,7.69,15.38,0.0,15.38,7.69,30.77,0.0,0.0,7.69,0.0,0.0,7.69,0.0,7.69,0.0,0.0,0.0523,0.0743,0.0458,0.0396
0.0,0.0,0.0,0.0,7.69,15.38,0.0,15.38,0.0,30.77,0.0,0.0,7.69,0.0,7.69,7.69,0.0,7.69,0.0,0.0,0.0682,0.0875,0.0612,0.0605
7.69,0.0,0.0,0.0,7.69,0.0,0.0,15.38,7.69,30.77,0.0,0.0,7.69,0.0,7.69,0.0,7.69,7.69,0.0,0.0,0.0501,0.0968,0.0863,0.0702
7.69,0.0,0.0,0.0,23.08,7.69,0.0,0.0,0.0,38.46,0.0,0.0,7.69,0.0,0.0,15.38,0.0,0.0,0.0,0.0,0.0354,0.0695,0.0398,0.013000000000000001
7.69,0.0,0.0,0.0,23.08,0.0,0.0,0.0,0.0,38.46,0.0,0.0,7.69,0.0,7.69,15.38,0.0,0.0,0.0,0.0,0.0629,0.0905,0.0581,0.0284
7.69,0.0,0.0,0.0,15.38,0.0,0.0,0.0,0.0,46.15,0.0,0.0,7.69,0.0,7.69,15.38,0.0,0.0,0.0,0.0,0.0618,0.0899,0.0527,0.0306
7.69,0.0,0.0,0.0,15.38,7.69,7.69,7.69,0.0,38.46,0.0,0.0,7.69,0.0,0.0,7.69,0.0,0.0,0.0,0.0,0.0379,0.05,0.0377,0.0411
0.0,0.0,0.0,0.0,7.69,15.38,0.0,0.0,0.0,53.85,0.0,7.69,7.69,0.0,7.69,0.0,0.0,0.0,0.0,0.0,0.0717,0.0894,0.0578,0.0484
0.0,0.0,0.0,0.0,7.69,15.38,0.0,15.38,7.69,30.77,0.0,0.0,7.69,0.0,0.0,7.69,0.0,7.69,0.0,0.0,0.051,0.0746,0.0497,0.0412
0.0,0.0,0.0,0.0,7.69,15.38,0.0,0.0,0.0,46.15,0.0,0.0,7.69,0.0,0.0,7.69,7.69,7.69,0.0,0.0,0.0301,0.0477,0.0273,0.0122
0.0,0.0,0.0,0.0,15.38,7.69,0.0,0.0,7.69,38.46,7.69,0.0,7.69,0.0,0.0,0.0,7.69,7.69,0.0,0.0,0.0473,0.0648,0.0486,0.0315
7.69,0.0,0.0,0.0,15.38,7.69,0.0,7.69,7.69,30.77,0.0,0.0,7.69,0.0,0.0,7.69,0.0,7.69,0.0,0.0,0.0428,0.0736,0.0446,0.032
15.38,0.0,0.0,0.0,15.38,7.69,0.0,7.69,7.69,23.08,7.69,0.0,0.0,0.0,0.0,15.38,0.0,0.0,0.0,0.0,0.0579,0.0873,0.0416,0.0227
7.69,0.0,0.0,0.0,23.08,7.69,0.0,15.38,7.69,15.38,0.0,0.0,0.0,0.0,0.0,15.38,7.69,0.0,0.0,0.0,0.0549,0.08800000000000001,0.0534,0.0257
7.69,0.0,0.0,0.0,7.69,7.69,0.0,7.69,7.69,38.46,0.0,0.0,0.0,0.0,0.0,15.38,7.69,0.0,0.0,0.0,0.0525,0.078,0.0423,0.0217
0.0,0.0,0.0,0.0,15.38,23.08,0.0,7.69,7.69,23.08,7.69,0.0,0.0,0.0,0.0,7.69,0.0,7.69,0.0,0.0,0.0583,0.0855,0.0471,0.0388
7.69,0.0,0.0,0.0,23.08,7.69,7.69,7.69,0.0,23.08,0.0,7.69,0.0,0.0,0.0,15.38,0.0,0.0,0.0,0.0,0.0442,0.0778,0.046,0.027999999999999997
7.69,0.0,0.0,0.0,15.38,7.69,0.0,15.38,7.69,23.08,0.0,0.0,0.0,0.0,0.0,15.38,0.0,7.69,0.0,0.0,0.054000000000000006,0.078,0.0619,0.0263
0.0,0.0,0.0,0.0,7.69,15.38,0.0,15.38,7.69,30.77,0.0,7.69,0.0,0.0,0.0,15.38,0.0,0.0,0.0,0.0,0.0616,0.0837,0.0559,0.0283
0.0,0.0,0.0,0.0,7.69,7.69,0.0,15.38,7.69,23.08,0.0,7.69,0.0,0.0,0.0,15.38,7.69,0.0,7.69,0.0,0.0628,0.1028,0.0629,0.0515
15.38,0.0,0.0,0.0,15.38,0.0,0.0,7.69,7.69,15.38,0.0,7.69,0.0,0.0,0.0,15.38,7.69,0.0,7.69,0.0,0.0536,0.0949,0.0774,0.0611
0.0,0.0,0.0,0.0,7.69,15.38,0.0,15.38,0.0,15.38,15.38,0.0,7.69,0.0,7.69,15.38,0.0,0.0,0.0,0.0,0.0664,0.0816,0.0724,0.0681
0.0,15.38,0.0,0.0,15.38,0.0,0.0,7.69,7.69,7.69,7.69,0.0,7.69,0.0,15.38,15.38,0.0,0.0,0.0,0.0,0.0806,0.0769,0.0396,0.1018
0.0,0.0,0.0,0.0,23.08,7.69,0.0,7.69,7.69,15.38,0.0,0.0,0.0,7.69,7.69,7.69,0.0,7.69,7.69,0.0,0.0976,0.1395,0.0801,0.017
7.69,0.0,0.0,0.0,7.69,15.38,0.0,0.0,23.08,30.77,7.69,0.0,0.0,0.0,0.0,0.0,0.0,7.69,0.0,0.0,0.0897,0.0888,0.0704,0.0412
7.69,0.0,7.69,7.69,15.38,7.69,0.0,23.08,15.38,7.69,0.0,0.0,0.0,0.0,0.0,7.69,0.0,0.0,0.0,0.0,0.0846,0.1248,0.0585,0.0427
7.69,0.0,7.69,7.69,7.69,7.69,0.0,30.77,15.38,7.69,0.0,0.0,0.0,0.0,0.0,7.69,0.0,0.0,0.0,0.0,0.0821,0.125,0.0536,0.0413
0.0,0.0,7.69,0.0,15.38,15.38,0.0,23.08,7.69,15.38,0.0,7.69,0.0,0.0,0.0,7.69,0.0,0.0,0.0,0.0,0.073,0.1083,0.0491,0.0491
0.0,0.0,7.69,0.0,7.69,7.69,0.0,23.08,7.69,15.38,0.0,7.69,0.0,0.0,0.0,7.69,7.69,7.69,0.0,0.0,0.0652,0.0988,0.0431,0.0434
0.0,0.0,15.38,0.0,15.38,7.69,0.0,7.69,15.38,15.38,0.0,0.0,0.0,0.0,0.0,7.69,0.0,15.38,0.0,0.0,0.0782,0.11800000000000001,0.0702,0.0394
0.0,0.0,15.38,0.0,15.38,7.69,0.0,0.0,15.38,23.08,0.0,0.0,0.0,0.0,0.0,15.38,0.0,7.69,0.0,0.0,0.0756,0.0952,0.0657,0.0731
0.0,0.0,0.0,0.0,0.0,15.38,0.0,0.0,7.69,61.54,0.0,0.0,0.0,0.0,0.0,15.38,0.0,0.0,0.0,0.0,0.0564,0.069,0.028999999999999998,0.0339
15.38,0.0,7.69,0.0,7.69,7.69,7.69,7.69,7.69,0.0,0.0,0.0,0.0,0.0,0.0,7.69,0.0,23.08,7.69,0.0,0.0769,0.0983,0.0534,0.0621
0.0,0.0,0.0,0.0,0.0,38.46,30.77,0.0,0.0,0.0,0.0,0.0,0.0,7.69,0.0,7.69,0.0,15.38,0.0,0.0,0.0682,0.0511,0.0286,0.0713
15.38,0.0,0.0,0.0,15.38,15.38,0.0,23.08,7.69,15.38,0.0,7.69,0.0,0.0,0.0,0.0,0.0,0.0,0.0,0.0,0.0516,0.0842,0.0533,0.0417
7.69,0.0,0.0,0.0,7.69,15.38,0.0,23.08,7.69,15.38,0.0,0.0,0.0,0.0,0.0,15.38,0.0,0.0,7.69,0.0,0.0677,0.1076,0.0716,0.0534
7.69,0.0,0.0,0.0,15.38,15.38,0.0,23.08,7.69,7.69,0.0,7.69,0.0,0.0,0.0,7.69,0.0,0.0,7.69,0.0,0.0696,0.1139,0.07400000000000001,0.0462
7.69,7.69,0.0,0.0,7.69,7.69,0.0,23.08,15.38,7.69,0.0,0.0,0.0,0.0,7.69,7.69,0.0,0.0,7.69,0.0,0.0898,0.1463,0.0799,0.0565
7.69,0.0,0.0,0.0,15.38,7.69,0.0,23.08,15.38,7.69,0.0,0.0,0.0,0.0,0.0,15.38,0.0,0.0,7.69,0.0,0.0831,0.1284,0.0704,0.044000000000000004
15.38,0.0,0.0,0.0,7.69,7.69,0.0,15.38,0.0,30.77,0.0,7.69,0.0,0.0,0.0,15.38,0.0,0.0,0.0,0.0,0.037000000000000005,0.0594,0.0261,0.028999999999999998
7.69,0.0,0.0,0.0,7.69,7.69,0.0,15.38,15.38,15.38,0.0,0.0,15.38,0.0,0.0,0.0,7.69,0.0,0.0,7.69,0.0571,0.0733,0.0599,0.0646
0.0,0.0,7.69,7.69,0.0,15.38,0.0,30.77,15.38,15.38,0.0,0.0,0.0,0.0,0.0,0.0,0.0,0.0,7.69,0.0,0.0884,0.1369,0.0724,0.0656
0.0,7.69,7.69,7.69,7.69,7.69,0.0,23.08,15.38,7.69,0.0,0.0,0.0,0.0,7.69,0.0,0.0,7.69,0.0,0.0,0.0908,0.13699999999999998,0.0591,0.0469
7.69,0.0,0.0,7.69,7.69,15.38,0.0,23.08,15.38,15.38,0.0,0.0,0.0,0.0,0.0,7.69,0.0,0.0,0.0,0.0,0.084,0.1043,0.0508,0.0613
0.0,0.0,0.0,7.69,7.69,15.38,0.0,23.08,15.38,23.08,0.0,0.0,0.0,0.0,0.0,7.69,0.0,0.0,0.0,0.0,0.0818,0.1103,0.0523,0.0599
0.0,0.0,0.0,0.0,7.69,15.38,0.0,23.08,30.77,23.08,0.0,0.0,0.0,0.0,0.0,0.0,0.0,0.0,0.0,0.0,0.0876,0.1328,0.0607,0.055
0.0,0.0,0.0,7.69,7.69,15.38,0.0,30.77,15.38,7.69,0.0,0.0,0.0,0.0,0.0,7.69,0.0,0.0,7.69,0.0,0.0888,0.1265,0.0734,0.0719
0.0,0.0,0.0,7.69,7.69,15.38,0.0,23.08,15.38,15.38,0.0,0.0,0.0,0.0,0.0,7.69,0.0,0.0,7.69,0.0,0.0882,0.1251,0.0737,0.0716
0.0,0.0,0.0,0.0,7.69,15.38,0.0,23.08,23.08,15.38,0.0,0.0,0.0,0.0,0.0,7.69,0.0,0.0,7.69,0.0,0.0917,0.1307,0.0712,0.0752
0.0,0.0,0.0,0.0,7.69,7.69,0.0,38.46,7.69,15.38,0.0,0.0,7.69,0.0,0.0,7.69,7.69,0.0,0.0,0.0,0.0513,0.0743,0.052000000000000005,0.0301
7.69,0.0,0.0,0.0,0.0,15.38,0.0,23.08,0.0,38.46,0.0,0.0,15.38,0.0,0.0,0.0,0.0,0.0,0.0,0.0,0.0261,0.0473,0.0276,0.0088
0.0,0.0,0.0,0.0,0.0,15.38,0.0,15.38,0.0,46.15,0.0,15.38,7.69,0.0,0.0,0.0,0.0,0.0,0.0,0.0,0.0406,0.0555,0.0313,0.0261
0.0,0.0,0.0,0.0,0.0,7.69,0.0,15.38,0.0,46.15,0.0,15.38,7.69,0.0,0.0,7.69,0.0,0.0,0.0,0.0,0.0351,0.0536,0.0303,0.02
0.0,0.0,7.69,0.0,0.0,7.69,0.0,7.69,0.0,46.15,0.0,15.38,7.69,0.0,0.0,0.0,0.0,7.69,0.0,0.0,0.0405,0.068,0.0379,0.0215
0.0,0.0,0.0,0.0,0.0,0.0,0.0,7.69,7.69,7.69,0.0,0.0,23.08,0.0,15.38,0.0,0.0,0.0,38.46,0.0,0.1061,0.0758,0.1023,0.1268
0.0,0.0,0.0,0.0,7.69,7.69,0.0,23.08,7.69,15.38,0.0,7.69,0.0,0.0,0.0,15.38,0.0,0.0,7.69,7.69,0.0707,0.0918,0.0682,0.066
0.0,0.0,0.0,0.0,15.38,0.0,0.0,15.38,15.38,7.69,0.0,0.0,15.38,0.0,0.0,0.0,15.38,15.38,0.0,0.0,0.0479,0.0926,0.0685,0.0414
7.69,0.0,0.0,0.0,0.0,15.38,0.0,23.08,7.69,15.38,0.0,0.0,0.0,0.0,0.0,15.38,0.0,0.0,15.38,0.0,0.0858,0.1159,0.068,0.0353
0.0,0.0,0.0,0.0,0.0,15.38,0.0,7.69,0.0,53.85,0.0,15.38,7.69,0.0,0.0,0.0,0.0,0.0,0.0,0.0,0.0405,0.0546,0.0315,0.0259
0.0,0.0,0.0,0.0,0.0,7.69,0.0,7.69,7.69,46.15,0.0,7.69,7.69,0.0,0.0,7.69,0.0,7.69,0.0,0.0,0.0464,0.0708,0.0454,0.03
0.0,0.0,0.0,0.0,0.0,7.69,0.0,7.69,0.0,46.15,0.0,15.38,7.69,0.0,0.0,7.69,0.0,7.69,0.0,0.0,0.0332,0.0521,0.0312,0.0206
0.0,0.0,0.0,0.0,0.0,0.0,0.0,0.0,15.38,15.38,0.0,0.0,15.38,0.0,15.38,0.0,0.0,0.0,38.46,0.0,0.1186,0.0714,0.0956,0.1325
0.0,0.0,0.0,7.69,0.0,0.0,7.69,7.69,15.38,30.77,0.0,0.0,0.0,0.0,7.69,0.0,0.0,15.38,0.0,7.69,0.0865,0.1344,0.0706,0.0272
7.69,0.0,0.0,7.69,7.69,15.38,0.0,7.69,15.38,0.0,0.0,0.0,0.0,7.69,15.38,7.69,7.69,0.0,0.0,0.0,0.0838,0.1255,0.0952,0.067
0.0,0.0,0.0,0.0,0.0,0.0,0.0,0.0,0.0,7.69,0.0,0.0,23.08,0.0,46.15,0.0,0.0,0.0,23.08,0.0,0.1251,0.1369,0.124,0.0573
0.0,0.0,0.0,0.0,0.0,0.0,0.0,0.0,0.0,0.0,0.0,0.0,23.08,0.0,46.15,0.0,0.0,0.0,30.77,0.0,0.1282,0.1238,0.0984,0.1196
0.0,0.0,0.0,0.0,0.0,0.0,0.0,0.0,0.0,0.0,0.0,0.0,23.08,0.0,38.46,0.0,0.0,0.0,38.46,0.0,0.1137,0.1074,0.1024,0.1246
0.0,0.0,0.0,0.0,7.69,15.38,0.0,0.0,15.38,7.69,0.0,0.0,0.0,7.69,0.0,15.38,15.38,7.69,0.0,7.69,0.0766,0.0719,0.0692,0.0629
0.0,0.0,0.0,7.69,15.38,7.69,0.0,0.0,7.69,7.69,0.0,7.69,15.38,7.69,0.0,23.08,0.0,0.0,0.0,0.0,0.0614,0.0666,0.0615,0.0508
0.0,0.0,0.0,7.69,7.69,7.69,7.69,0.0,7.69,0.0,7.69,0.0,7.69,0.0,7.69,15.38,0.0,7.69,7.69,7.69,0.1096,0.0865,0.0601,0.1131
0.0,15.38,0.0,0.0,7.69,0.0,0.0,7.69,15.38,0.0,0.0,0.0,0.0,0.0,23.08,15.38,7.69,0.0,0.0,7.69,0.0513,0.0948,0.1165,0.1401
0.0,0.0,0.0,0.0,0.0,7.69,0.0,15.38,0.0,30.77,0.0,0.0,7.69,0.0,0.0,23.08,0.0,15.38,0.0,0.0,0.0277,0.045,0.0276,0.0137
0.0,0.0,0.0,0.0,0.0,7.69,0.0,15.38,0.0,38.46,0.0,15.38,7.69,0.0,0.0,7.69,0.0,7.69,0.0,0.0,0.0356,0.0545,0.031,0.0205
7.69,0.0,0.0,0.0,0.0,7.69,0.0,7.69,7.69,38.46,7.69,0.0,7.69,0.0,0.0,7.69,0.0,7.69,0.0,0.0,0.0568,0.0534,0.0421,0.0344
0.0,0.0,0.0,0.0,15.38,0.0,0.0,0.0,0.0,7.69,0.0,0.0,15.38,0.0,30.77,0.0,0.0,7.69,23.08,0.0,0.0853,0.1199,0.1095,0.1063
0.0,0.0,0.0,0.0,0.0,15.38,7.69,15.38,15.38,7.69,0.0,0.0,7.69,0.0,7.69,7.69,0.0,0.0,7.69,7.69,0.1082,0.1125,0.0539,0.0982
0.0,0.0,7.69,0.0,0.0,15.38,0.0,15.38,15.38,7.69,0.0,0.0,7.69,0.0,7.69,7.69,0.0,0.0,7.69,7.69,0.109,0.1202,0.0736,0.0834
0.0,0.0,0.0,0.0,0.0,15.38,0.0,15.38,15.38,7.69,0.0,0.0,0.0,0.0,23.08,7.69,0.0,0.0,7.69,7.69,0.1132,0.1494,0.0924,0.0807
7.69,0.0,23.08,7.69,0.0,15.38,0.0,0.0,7.69,0.0,0.0,7.69,0.0,0.0,0.0,7.69,7.69,0.0,7.69,7.69,0.0723,0.0827,0.0535,0.0925
7.69,0.0,7.69,7.69,0.0,0.0,0.0,7.69,0.0,30.77,0.0,0.0,7.69,15.38,7.69,0.0,0.0,0.0,0.0,7.69,0.0853,0.0987,0.0747,0.0317
21.43,0.0,0.0,0.0,7.14,0.0,0.0,7.14,7.14,21.43,0.0,7.14,0.0,0.0,7.14,0.0,14.29,0.0,7.14,0.0,0.0752,0.1054,0.0748,0.055999999999999994
14.29,0.0,7.14,7.14,7.14,7.14,0.0,0.0,0.0,0.0,7.14,0.0,21.43,0.0,0.0,21.43,0.0,0.0,0.0,7.14,0.0653,0.0409,0.0609,0.0669
0.0,0.0,21.43,14.29,14.29,0.0,0.0,0.0,0.0,7.14,0.0,14.29,0.0,0.0,0.0,21.43,0.0,0.0,0.0,7.14,0.0596,0.0452,0.0606,0.0803
0.0,0.0,14.29,0.0,14.29,21.43,0.0,7.14,7.14,21.43,0.0,0.0,0.0,0.0,0.0,0.0,0.0,14.29,0.0,0.0,0.08,0.0839,0.0726,0.0511
0.0,14.29,0.0,0.0,28.57,7.14,0.0,14.29,14.29,0.0,0.0,0.0,7.14,0.0,0.0,0.0,7.14,7.14,0.0,0.0,0.0678,0.0872,0.0487,0.0619
7.14,14.29,0.0,0.0,21.43,0.0,0.0,0.0,21.43,21.43,0.0,0.0,7.14,0.0,0.0,0.0,0.0,7.14,0.0,0.0,0.0622,0.0856,0.0544,0.0443
14.29,0.0,0.0,0.0,14.29,14.29,0.0,21.43,0.0,14.29,0.0,0.0,7.14,0.0,0.0,14.29,0.0,0.0,0.0,0.0,0.0432,0.0617,0.0331,0.0163
0.0,0.0,0.0,0.0,14.29,14.29,0.0,14.29,7.14,21.43,0.0,0.0,0.0,0.0,7.14,0.0,14.29,7.14,0.0,0.0,0.0785,0.0953,0.0764,0.040999999999999995
7.14,0.0,0.0,0.0,21.43,0.0,0.0,14.29,7.14,28.57,0.0,0.0,7.14,0.0,0.0,14.29,0.0,0.0,0.0,0.0,0.049,0.0783,0.0446,0.0173
0.0,0.0,0.0,0.0,21.43,0.0,0.0,7.14,7.14,28.57,0.0,0.0,7.14,0.0,0.0,14.29,7.14,7.14,0.0,0.0,0.0492,0.0681,0.0429,0.0239
14.29,0.0,0.0,0.0,14.29,0.0,0.0,0.0,14.29,35.71,0.0,7.14,14.29,0.0,0.0,0.0,0.0,0.0,0.0,0.0,0.0662,0.0888,0.0676,0.0268
0.0,14.29,0.0,0.0,14.29,7.14,0.0,7.14,14.29,21.43,7.14,0.0,7.14,7.14,0.0,0.0,0.0,0.0,0.0,0.0,0.0731,0.0377,0.0616,0.0312
0.0,0.0,0.0,0.0,7.14,7.14,7.14,21.43,7.14,35.71,0.0,7.14,7.14,0.0,0.0,0.0,0.0,0.0,0.0,0.0,0.0451,0.0715,0.0575,0.0249
0.0,0.0,0.0,7.14,14.29,0.0,0.0,0.0,7.14,7.14,0.0,0.0,21.43,0.0,7.14,14.29,14.29,0.0,7.14,0.0,0.076,0.0962,0.0766,0.0496
0.0,14.29,0.0,0.0,7.14,0.0,0.0,7.14,14.29,21.43,7.14,0.0,7.14,0.0,7.14,0.0,0.0,14.29,0.0,0.0,0.0647,0.0899,0.0492,0.0436
0.0,0.0,0.0,0.0,7.14,21.43,0.0,7.14,7.14,14.29,0.0,7.14,14.29,0.0,7.14,14.29,0.0,0.0,0.0,0.0,0.1002,0.0715,0.053,0.0694
7.14,0.0,0.0,7.14,7.14,21.43,0.0,7.14,14.29,7.14,0.0,7.14,0.0,0.0,0.0,0.0,0.0,7.14,14.29,0.0,0.0981,0.136,0.0782,0.0628
7.14,0.0,0.0,7.14,7.14,21.43,0.0,7.14,14.29,7.14,0.0,0.0,0.0,0.0,0.0,7.14,0.0,7.14,14.29,0.0,0.0983,0.1336,0.075,0.065
0.0,0.0,0.0,7.14,7.14,21.43,0.0,0.0,7.14,7.14,0.0,0.0,0.0,0.0,0.0,14.29,0.0,21.43,14.29,0.0,0.0849,0.132,0.0714,0.0472
35.71,0.0,7.14,0.0,0.0,14.29,0.0,21.43,14.29,7.14,0.0,0.0,0.0,0.0,0.0,0.0,0.0,0.0,0.0,0.0,0.0797,0.0914,0.057,0.0385
0.0,0.0,0.0,7.14,7.14,21.43,0.0,14.29,14.29,14.29,0.0,0.0,0.0,0.0,0.0,7.14,0.0,7.14,7.14,0.0,0.0904,0.1195,0.0608,0.0821
7.14,0.0,0.0,7.14,7.14,14.29,7.14,14.29,7.14,21.43,0.0,0.0,0.0,0.0,7.14,7.14,0.0,0.0,0.0,0.0,0.0983,0.0948,0.0665,0.0602
0.0,0.0,7.14,0.0,0.0,14.29,0.0,0.0,7.14,35.71,7.14,7.14,0.0,0.0,0.0,0.0,7.14,14.29,0.0,0.0,0.0532,0.0717,0.0403,0.0473
7.14,0.0,0.0,0.0,7.14,7.14,7.14,7.14,14.29,28.57,0.0,7.14,0.0,0.0,0.0,0.0,7.14,7.14,0.0,0.0,0.0527,0.0915,0.0595,0.0412
14.29,0.0,14.29,0.0,0.0,0.0,0.0,14.29,21.43,21.43,0.0,0.0,0.0,7.14,0.0,0.0,0.0,0.0,7.14,0.0,0.0905,0.1062,0.0658,0.0768
7.14,0.0,14.29,0.0,0.0,7.14,0.0,14.29,14.29,21.43,7.14,0.0,0.0,0.0,0.0,0.0,0.0,7.14,7.14,0.0,0.1007,0.1013,0.0411,0.0912
0.0,0.0,14.29,0.0,0.0,7.14,0.0,7.14,14.29,21.43,14.29,0.0,0.0,0.0,0.0,0.0,0.0,14.29,7.14,0.0,0.0993,0.1002,0.0352,0.0907
14.29,0.0,7.14,0.0,0.0,0.0,0.0,14.29,28.57,14.29,0.0,0.0,0.0,0.0,0.0,0.0,0.0,14.29,7.14,0.0,0.1012,0.1097,0.0854,0.0462
0.0,0.0,0.0,0.0,0.0,21.43,0.0,21.43,7.14,35.71,0.0,0.0,7.14,0.0,0.0,7.14,0.0,0.0,0.0,0.0,0.0422,0.0601,0.0318,0.034
28.57,0.0,0.0,0.0,7.14,0.0,0.0,14.29,21.43,21.43,0.0,7.14,0.0,0.0,0.0,0.0,0.0,0.0,0.0,0.0,0.07400000000000001,0.0843,0.0815,0.0716
28.57,0.0,0.0,0.0,0.0,0.0,0.0,14.29,21.43,28.57,0.0,7.14,0.0,0.0,0.0,0.0,0.0,0.0,0.0,0.0,0.0667,0.0789,0.0794,0.0659
7.14,0.0,0.0,0.0,0.0,7.14,0.0,28.57,21.43,21.43,0.0,7.14,0.0,0.0,0.0,7.14,0.0,0.0,0.0,0.0,0.0877,0.0983,0.0496,0.0642
28.57,0.0,0.0,0.0,0.0,0.0,0.0,7.14,21.43,14.29,7.14,7.14,0.0,0.0,0.0,7.14,0.0,7.14,0.0,0.0,0.0574,0.0701,0.0879,0.0598
0.0,0.0,21.43,0.0,0.0,0.0,0.0,28.57,14.29,14.29,0.0,7.14,0.0,0.0,0.0,0.0,7.14,0.0,7.14,0.0,0.0898,0.0788,0.0899,0.0427
21.43,0.0,7.14,0.0,0.0,0.0,0.0,7.14,21.43,21.43,0.0,7.14,0.0,0.0,0.0,0.0,0.0,7.14,7.14,0.0,0.0855,0.1096,0.0836,0.0408
0.0,0.0,0.0,7.14,7.14,0.0,0.0,14.29,28.57,7.14,0.0,14.29,0.0,0.0,0.0,0.0,0.0,14.29,7.14,0.0,0.0883,0.1135,0.0784,0.0628
14.29,0.0,7.14,0.0,0.0,7.14,0.0,21.43,14.29,21.43,0.0,7.14,0.0,0.0,0.0,0.0,0.0,0.0,7.14,0.0,0.0928,0.09699999999999999,0.0504,0.0831
7.14,0.0,0.0,0.0,0.0,14.29,0.0,14.29,21.43,28.57,0.0,7.14,0.0,0.0,0.0,0.0,0.0,0.0,7.14,0.0,0.0786,0.1037,0.0628,0.0937
7.14,0.0,0.0,0.0,0.0,7.14,0.0,7.14,21.43,21.43,14.29,7.14,0.0,0.0,0.0,7.14,0.0,0.0,7.14,0.0,0.0755,0.0966,0.0571,0.0919
14.29,0.0,7.14,0.0,0.0,0.0,7.14,7.14,7.14,21.43,0.0,0.0,0.0,7.14,0.0,7.14,7.14,14.29,0.0,0.0,0.0413,0.0597,0.0356,0.0337
0.0,0.0,0.0,0.0,28.57,14.29,0.0,0.0,28.57,21.43,0.0,0.0,7.14,0.0,0.0,0.0,0.0,0.0,0.0,0.0,0.0433,0.0718,0.0641,0.0662
28.57,0.0,0.0,0.0,0.0,0.0,0.0,0.0,42.86,28.57,0.0,0.0,0.0,0.0,0.0,0.0,0.0,0.0,0.0,0.0,0.0988,0.1263,0.0292,0.0642
0.0,0.0,0.0,0.0,0.0,0.0,0.0,0.0,57.14,42.86,0.0,0.0,0.0,0.0,0.0,0.0,0.0,0.0,0.0,0.0,0.0843,0.1435,0.0569,0.0313
7.14,0.0,0.0,0.0,0.0,0.0,0.0,7.14,28.57,21.43,0.0,0.0,0.0,0.0,0.0,14.29,0.0,14.29,7.14,0.0,0.0948,0.0881,0.0826,0.0823
7.14,0.0,7.14,0.0,14.29,0.0,0.0,14.29,14.29,21.43,0.0,14.29,0.0,0.0,0.0,0.0,7.14,0.0,0.0,0.0,0.0642,0.102,0.0698,0.039
7.14,0.0,0.0,0.0,7.14,7.14,0.0,14.29,14.29,21.43,7.14,14.29,0.0,0.0,0.0,0.0,7.14,0.0,0.0,0.0,0.0578,0.0897,0.0563,0.044000000000000004
7.14,0.0,0.0,0.0,7.14,7.14,0.0,7.14,14.29,28.57,0.0,14.29,0.0,0.0,0.0,0.0,7.14,7.14,0.0,0.0,0.055999999999999994,0.0928,0.0562,0.0402
7.14,0.0,0.0,0.0,0.0,0.0,0.0,28.57,14.29,21.43,0.0,21.43,0.0,0.0,0.0,0.0,7.14,0.0,0.0,0.0,0.0544,0.0924,0.0539,0.0348
14.29,0.0,0.0,14.29,0.0,7.14,0.0,0.0,0.0,0.0,0.0,0.0,14.29,0.0,28.57,7.14,7.14,0.0,0.0,7.14,0.1013,0.0934,0.1065,0.0521
0.0,14.29,0.0,0.0,7.14,0.0,0.0,14.29,0.0,0.0,0.0,0.0,0.0,0.0,7.14,28.57,28.57,0.0,0.0,0.0,0.0316,0.0423,0.0487,0.05
0.0,0.0,0.0,0.0,0.0,0.0,0.0,7.14,0.0,0.0,0.0,7.14,35.71,0.0,35.71,0.0,0.0,0.0,0.0,14.29,0.1162,0.0788,0.1076,0.0618
0.0,42.86,0.0,0.0,7.14,7.14,0.0,0.0,0.0,0.0,0.0,7.14,7.14,0.0,0.0,21.43,0.0,7.14,0.0,0.0,0.0305,0.0248,0.0283,0.0279
0.0,42.86,0.0,0.0,0.0,7.14,0.0,0.0,0.0,0.0,0.0,7.14,7.14,0.0,0.0,21.43,0.0,14.29,0.0,0.0,0.0185,0.0184,0.0179,0.0201
0.0,42.86,0.0,0.0,0.0,0.0,0.0,0.0,0.0,0.0,0.0,0.0,0.0,0.0,0.0,14.29,35.71,7.14,0.0,0.0,0.006999999999999999,0.0081,0.0075,0.009000000000000001
0.0,0.0,0.0,0.0,14.29,0.0,0.0,14.29,7.14,21.43,0.0,0.0,7.14,0.0,0.0,21.43,7.14,7.14,0.0,0.0,0.0522,0.0768,0.0353,0.0201
0.0,0.0,0.0,0.0,14.29,0.0,0.0,14.29,7.14,14.29,0.0,0.0,7.14,0.0,0.0,21.43,7.14,14.29,0.0,0.0,0.0504,0.0735,0.0392,0.0258
0.0,0.0,0.0,0.0,14.29,0.0,0.0,14.29,7.14,21.43,0.0,0.0,7.14,0.0,0.0,14.29,14.29,7.14,0.0,0.0,0.0516,0.0709,0.0341,0.0189
0.0,35.71,0.0,0.0,7.14,0.0,0.0,0.0,0.0,0.0,0.0,7.14,7.14,0.0,0.0,28.57,7.14,0.0,0.0,7.14,0.0272,0.0209,0.0316,0.0421
7.14,0.0,0.0,0.0,0.0,0.0,0.0,0.0,35.71,7.14,0.0,0.0,14.29,0.0,14.29,0.0,7.14,0.0,14.29,0.0,0.0842,0.0896,0.0919,0.1319
20.0,0.0,0.0,6.67,0.0,6.67,0.0,6.67,20.0,6.67,13.33,0.0,6.67,0.0,0.0,0.0,0.0,13.33,0.0,0.0,0.0592,0.0693,0.0479,0.0626
20.0,0.0,0.0,6.67,0.0,13.33,0.0,0.0,0.0,0.0,0.0,13.33,0.0,0.0,0.0,0.0,13.33,26.67,0.0,6.67,0.046,0.0642,0.0565,0.0425
0.0,6.67,20.0,6.67,0.0,6.67,6.67,26.67,6.67,0.0,0.0,6.67,0.0,0.0,0.0,6.67,6.67,0.0,0.0,0.0,0.0645,0.0845,0.063,0.0648
0.0,0.0,6.67,6.67,6.67,20.0,0.0,0.0,6.67,6.67,0.0,13.33,6.67,6.67,0.0,0.0,6.67,6.67,0.0,6.67,0.0552,0.0747,0.0708,0.0765
13.33,0.0,6.67,6.67,0.0,13.33,0.0,6.67,0.0,13.33,0.0,20.0,0.0,6.67,0.0,6.67,6.67,0.0,0.0,0.0,0.0566,0.0446,0.0698,0.0508
26.67,0.0,0.0,0.0,6.67,6.67,0.0,0.0,20.0,26.67,0.0,0.0,0.0,6.67,0.0,6.67,0.0,0.0,0.0,0.0,0.0777,0.0885,0.0562,0.0504
6.67,0.0,0.0,0.0,20.0,13.33,0.0,13.33,6.67,20.0,0.0,0.0,6.67,0.0,0.0,13.33,0.0,0.0,0.0,0.0,0.0457,0.066,0.0443,0.039
6.67,0.0,0.0,0.0,13.33,13.33,0.0,20.0,6.67,20.0,0.0,0.0,6.67,0.0,0.0,13.33,0.0,0.0,0.0,0.0,0.0406,0.0631,0.0432,0.0378
0.0,0.0,0.0,0.0,20.0,6.67,0.0,20.0,13.33,6.67,0.0,13.33,6.67,0.0,6.67,6.67,0.0,0.0,0.0,0.0,0.0566,0.0879,0.0988,0.0838
0.0,0.0,0.0,0.0,6.67,13.33,0.0,6.67,6.67,13.33,0.0,0.0,13.33,0.0,13.33,0.0,0.0,0.0,26.67,0.0,0.0879,0.0906,0.0825,0.1284
0.0,0.0,0.0,0.0,6.67,20.0,0.0,20.0,13.33,26.67,0.0,0.0,6.67,0.0,0.0,0.0,6.67,0.0,0.0,0.0,0.0605,0.0797,0.064,0.0296
0.0,0.0,0.0,0.0,0.0,33.33,0.0,0.0,0.0,46.67,0.0,13.33,0.0,0.0,0.0,0.0,6.67,0.0,0.0,0.0,0.0521,0.0499,0.0257,0.0433
6.67,0.0,0.0,0.0,6.67,20.0,6.67,20.0,6.67,26.67,0.0,0.0,0.0,0.0,0.0,0.0,6.67,0.0,0.0,0.0,0.0637,0.0661,0.0482,0.0542
6.67,0.0,0.0,0.0,0.0,20.0,6.67,20.0,6.67,26.67,6.67,0.0,0.0,0.0,0.0,0.0,6.67,0.0,0.0,0.0,0.0599,0.0619,0.0442,0.0511
0.0,0.0,0.0,0.0,0.0,13.33,0.0,20.0,20.0,26.67,0.0,0.0,0.0,0.0,0.0,13.33,6.67,0.0,0.0,0.0,0.0534,0.0827,0.0552,0.0245
26.67,0.0,0.0,0.0,0.0,0.0,0.0,20.0,20.0,26.67,0.0,6.67,0.0,0.0,0.0,0.0,0.0,0.0,0.0,0.0,0.0624,0.0736,0.0876,0.0728
13.33,0.0,0.0,0.0,0.0,0.0,0.0,26.67,26.67,0.0,6.67,13.33,0.0,0.0,0.0,6.67,0.0,0.0,6.67,0.0,0.0921,0.0947,0.0683,0.0733
13.33,0.0,0.0,0.0,0.0,0.0,0.0,20.0,26.67,6.67,6.67,6.67,0.0,0.0,0.0,13.33,0.0,0.0,6.67,0.0,0.0926,0.0896,0.0657,0.0746
20.0,0.0,0.0,13.33,0.0,6.67,0.0,6.67,6.67,13.33,0.0,0.0,6.67,13.33,0.0,6.67,6.67,0.0,0.0,0.0,0.0428,0.0472,0.0639,0.0584
6.67,0.0,0.0,0.0,6.67,0.0,0.0,0.0,33.33,20.0,0.0,0.0,0.0,0.0,0.0,0.0,13.33,13.33,6.67,0.0,0.0924,0.0966,0.0784,0.0671
6.67,0.0,0.0,0.0,6.67,6.67,0.0,0.0,33.33,20.0,0.0,0.0,0.0,0.0,0.0,0.0,6.67,13.33,6.67,0.0,0.0902,0.0933,0.0801,0.0914
6.67,0.0,0.0,0.0,6.67,6.67,0.0,6.67,33.33,20.0,0.0,0.0,0.0,0.0,0.0,0.0,0.0,13.33,6.67,0.0,0.0962,0.0985,0.0655,0.0875
0.0,0.0,0.0,0.0,6.67,6.67,0.0,0.0,33.33,26.67,0.0,0.0,0.0,0.0,0.0,0.0,13.33,6.67,6.67,0.0,0.0994,0.0772,0.0556,0.0946
0.0,0.0,0.0,0.0,6.67,6.67,0.0,0.0,33.33,20.0,0.0,0.0,0.0,0.0,0.0,0.0,13.33,13.33,6.67,0.0,0.0969,0.1003,0.0556,0.0664
6.67,0.0,0.0,0.0,6.67,6.67,0.0,6.67,20.0,26.67,0.0,6.67,0.0,0.0,0.0,6.67,6.67,6.67,0.0,0.0,0.0671,0.0925,0.0848,0.0572
0.0,0.0,6.67,20.0,0.0,0.0,0.0,0.0,13.33,13.33,6.67,6.67,0.0,6.67,13.33,6.67,0.0,6.67,0.0,0.0,0.086,0.09300000000000001,0.0625,0.0736
0.0,0.0,6.67,26.67,0.0,0.0,0.0,0.0,0.0,0.0,0.0,0.0,13.33,20.0,26.67,0.0,0.0,0.0,0.0,6.67,0.0475,0.0808,0.0601,0.0468
0.0,0.0,13.33,0.0,0.0,33.33,0.0,6.67,13.33,0.0,0.0,6.67,0.0,6.67,13.33,0.0,0.0,6.67,0.0,0.0,0.0823,0.0814,0.0525,0.0691
0.0,0.0,6.67,6.67,0.0,0.0,0.0,13.33,6.67,13.33,0.0,0.0,6.67,33.33,0.0,0.0,6.67,0.0,0.0,6.67,0.0783,0.0442,0.0486,0.0655
6.67,6.67,0.0,20.0,0.0,0.0,0.0,13.33,0.0,13.33,0.0,6.67,0.0,0.0,20.0,6.67,0.0,0.0,0.0,6.67,0.0795,0.1193,0.1055,0.0821
13.33,0.0,6.67,6.67,0.0,13.33,0.0,0.0,26.67,6.67,0.0,6.67,0.0,0.0,6.67,6.67,0.0,6.67,0.0,0.0,0.1056,0.0785,0.0416,0.0858
0.0,13.33,0.0,0.0,0.0,6.67,0.0,6.67,6.67,0.0,0.0,0.0,0.0,0.0,20.0,13.33,6.67,13.33,0.0,13.33,0.0637,0.099,0.1256,0.1256
6.67,0.0,0.0,6.67,13.33,6.67,0.0,6.67,0.0,6.67,0.0,0.0,20.0,6.67,20.0,0.0,0.0,6.67,0.0,0.0,0.0802,0.0916,0.1053,0.1021
26.67,0.0,0.0,6.67,0.0,0.0,20.0,6.67,13.33,6.67,0.0,0.0,0.0,0.0,0.0,0.0,6.67,6.67,0.0,6.67,0.0499,0.0578,0.0604,0.0638
0.0,0.0,13.33,0.0,0.0,0.0,0.0,0.0,6.67,0.0,6.67,6.67,33.33,0.0,20.0,0.0,0.0,6.67,0.0,6.67,0.1004,0.0462,0.0947,0.0695
13.33,0.0,0.0,0.0,6.67,6.67,0.0,0.0,0.0,26.67,0.0,0.0,0.0,0.0,0.0,0.0,0.0,26.67,20.0,0.0,0.0493,0.0234,0.0441,0.0364
13.33,0.0,0.0,0.0,0.0,6.67,0.0,0.0,0.0,26.67,0.0,0.0,0.0,0.0,0.0,0.0,0.0,26.67,26.67,0.0,0.0583,0.0184,0.0566,0.0411
13.33,0.0,0.0,0.0,0.0,6.67,0.0,0.0,0.0,26.67,0.0,0.0,0.0,0.0,0.0,0.0,0.0,26.67,20.0,6.67,0.0529,0.0214,0.0491,0.0382
6.67,0.0,0.0,0.0,0.0,6.67,0.0,20.0,33.33,6.67,0.0,6.67,0.0,0.0,0.0,0.0,0.0,13.33,6.67,0.0,0.0977,0.1177,0.0657,0.0809
0.0,0.0,0.0,0.0,0.0,6.67,0.0,20.0,33.33,6.67,0.0,6.67,0.0,0.0,0.0,0.0,0.0,20.0,6.67,0.0,0.0983,0.1196,0.0635,0.0786
6.67,0.0,0.0,0.0,0.0,6.67,0.0,13.33,33.33,6.67,0.0,6.67,0.0,0.0,0.0,0.0,0.0,20.0,6.67,0.0,0.0969,0.1149,0.0666,0.0804
6.67,13.33,0.0,0.0,0.0,6.67,0.0,13.33,13.33,20.0,0.0,0.0,6.67,0.0,0.0,0.0,0.0,13.33,6.67,0.0,0.0792,0.0623,0.0538,0.0616
0.0,0.0,6.67,0.0,13.33,6.67,0.0,20.0,0.0,0.0,0.0,6.67,13.33,0.0,20.0,0.0,6.67,0.0,0.0,6.67,0.0773,0.1197,0.111,0.0877
18.75,0.0,6.25,0.0,6.25,0.0,0.0,6.25,12.5,18.75,0.0,6.25,0.0,0.0,0.0,12.5,0.0,12.5,0.0,0.0,0.071,0.0889,0.0443,0.0461
18.75,12.5,0.0,0.0,0.0,0.0,6.25,6.25,0.0,0.0,6.25,6.25,6.25,0.0,6.25,0.0,18.75,6.25,6.25,0.0,0.0545,0.0681,0.053,0.0666
6.25,12.5,0.0,0.0,0.0,6.25,6.25,6.25,0.0,0.0,0.0,6.25,6.25,6.25,6.25,6.25,18.75,6.25,6.25,0.0,0.0602,0.059000000000000004,0.0592,0.0686
0.0,12.5,12.5,0.0,0.0,12.5,0.0,25.0,0.0,0.0,0.0,6.25,0.0,0.0,18.75,0.0,6.25,0.0,6.25,0.0,0.0971,0.1011,0.0902,0.1008
6.25,0.0,0.0,6.25,6.25,6.25,6.25,0.0,12.5,0.0,6.25,0.0,25.0,6.25,6.25,0.0,0.0,6.25,6.25,0.0,0.0653,0.0757,0.0698,0.0652
0.0,0.0,0.0,6.25,0.0,6.25,6.25,12.5,0.0,6.25,0.0,0.0,0.0,18.75,6.25,31.25,0.0,6.25,0.0,0.0,0.0399,0.0457,0.0651,0.0703
0.0,0.0,0.0,0.0,25.0,18.75,0.0,6.25,6.25,31.25,0.0,0.0,6.25,0.0,0.0,0.0,0.0,6.25,0.0,0.0,0.0612,0.0684,0.0481,0.065
0.0,0.0,0.0,0.0,18.75,18.75,0.0,6.25,6.25,31.25,0.0,0.0,6.25,0.0,0.0,6.25,0.0,6.25,0.0,0.0,0.0548,0.0616,0.0582,0.0674
0.0,0.0,0.0,0.0,12.5,18.75,0.0,6.25,6.25,31.25,0.0,0.0,6.25,0.0,0.0,12.5,0.0,6.25,0.0,0.0,0.0505,0.0684,0.0416,0.0489
6.25,0.0,0.0,0.0,12.5,18.75,0.0,6.25,6.25,12.5,12.5,0.0,6.25,0.0,0.0,12.5,0.0,6.25,0.0,0.0,0.0563,0.0624,0.0358,0.035
12.5,0.0,0.0,0.0,12.5,12.5,0.0,18.75,12.5,12.5,0.0,0.0,0.0,0.0,12.5,6.25,0.0,0.0,0.0,0.0,0.0789,0.1178,0.0994,0.0552
18.75,0.0,0.0,0.0,6.25,12.5,0.0,6.25,12.5,31.25,0.0,0.0,6.25,0.0,6.25,0.0,0.0,0.0,0.0,0.0,0.0703,0.094,0.0889,0.0609
12.5,0.0,0.0,0.0,6.25,12.5,6.25,12.5,6.25,25.0,0.0,0.0,0.0,0.0,0.0,18.75,0.0,0.0,0.0,0.0,0.0494,0.0711,0.0456,0.0406
0.0,0.0,0.0,0.0,12.5,6.25,18.75,6.25,12.5,0.0,0.0,6.25,0.0,18.75,0.0,0.0,0.0,18.75,0.0,0.0,0.0777,0.0599,0.0422,0.0658
6.25,0.0,0.0,0.0,12.5,0.0,0.0,12.5,0.0,31.25,0.0,0.0,12.5,0.0,0.0,18.75,6.25,0.0,0.0,0.0,0.0311,0.0435,0.0216,0.0192
6.25,0.0,0.0,0.0,6.25,18.75,0.0,6.25,6.25,37.5,0.0,0.0,6.25,0.0,0.0,12.5,0.0,0.0,0.0,0.0,0.0488,0.0651,0.0439,0.0499
0.0,0.0,0.0,0.0,6.25,18.75,0.0,6.25,6.25,37.5,0.0,0.0,6.25,0.0,0.0,12.5,0.0,6.25,0.0,0.0,0.0493,0.068,0.0394,0.0423
0.0,0.0,0.0,0.0,6.25,18.75,0.0,6.25,6.25,31.25,0.0,0.0,6.25,0.0,0.0,18.75,0.0,6.25,0.0,0.0,0.0525,0.0649,0.0357,0.0463
0.0,12.5,6.25,0.0,0.0,18.75,6.25,25.0,0.0,0.0,0.0,0.0,0.0,6.25,12.5,6.25,0.0,0.0,6.25,0.0,0.0766,0.0935,0.0986,0.0911
6.25,0.0,6.25,0.0,6.25,18.75,0.0,18.75,12.5,12.5,0.0,0.0,0.0,0.0,0.0,6.25,0.0,12.5,0.0,0.0,0.0644,0.0934,0.0597,0.0619
6.25,0.0,6.25,0.0,6.25,18.75,0.0,18.75,12.5,12.5,0.0,0.0,0.0,0.0,0.0,6.25,0.0,12.5,0.0,0.0,0.0635,0.1,0.0489,0.0491
6.25,0.0,6.25,0.0,6.25,18.75,0.0,12.5,12.5,12.5,0.0,0.0,0.0,0.0,0.0,6.25,0.0,18.75,0.0,0.0,0.0618,0.0971,0.0478,0.0491
6.25,0.0,6.25,0.0,12.5,18.75,0.0,6.25,12.5,12.5,0.0,0.0,0.0,0.0,0.0,6.25,0.0,18.75,0.0,0.0,0.0699,0.1015,0.0554,0.0569
6.25,0.0,6.25,0.0,6.25,18.75,0.0,12.5,12.5,12.5,0.0,0.0,0.0,0.0,0.0,6.25,0.0,18.75,0.0,0.0,0.0627,0.0955,0.0531,0.0557
6.25,0.0,6.25,0.0,6.25,18.75,0.0,6.25,12.5,18.75,0.0,0.0,0.0,0.0,0.0,6.25,0.0,18.75,0.0,0.0,0.0621,0.0944,0.053,0.0557
6.25,0.0,6.25,0.0,6.25,18.75,0.0,6.25,12.5,18.75,0.0,0.0,0.0,0.0,0.0,0.0,6.25,18.75,0.0,0.0,0.0621,0.0956,0.0553,0.0466
6.25,0.0,6.25,0.0,6.25,18.75,0.0,12.5,12.5,12.5,0.0,0.0,0.0,0.0,0.0,6.25,0.0,18.75,0.0,0.0,0.0626,0.1002,0.0476,0.0467
6.25,0.0,6.25,0.0,6.25,18.75,0.0,6.25,12.5,18.75,0.0,0.0,0.0,0.0,0.0,6.25,0.0,18.75,0.0,0.0,0.0668,0.0964,0.0539,0.055
12.5,0.0,6.25,0.0,0.0,12.5,6.25,12.5,12.5,25.0,0.0,0.0,0.0,0.0,0.0,6.25,0.0,6.25,0.0,0.0,0.0685,0.07400000000000001,0.0592,0.0652
0.0,0.0,0.0,0.0,0.0,6.25,6.25,0.0,6.25,6.25,0.0,18.75,31.25,0.0,12.5,0.0,6.25,6.25,0.0,0.0,0.0805,0.0389,0.0617,0.0596
0.0,0.0,0.0,0.0,0.0,6.25,0.0,0.0,6.25,6.25,0.0,12.5,31.25,0.0,12.5,0.0,12.5,6.25,0.0,6.25,0.0885,0.0442,0.0622,0.0657
6.25,0.0,0.0,6.25,0.0,12.5,0.0,12.5,6.25,31.25,0.0,6.25,0.0,0.0,0.0,6.25,6.25,6.25,0.0,0.0,0.0488,0.0766,0.0494,0.0284
6.25,0.0,0.0,0.0,0.0,12.5,6.25,18.75,0.0,31.25,0.0,0.0,6.25,0.0,0.0,12.5,0.0,6.25,0.0,0.0,0.0314,0.0479,0.0264,0.0241
12.5,0.0,0.0,0.0,0.0,12.5,0.0,6.25,6.25,37.5,0.0,6.25,0.0,0.0,0.0,12.5,6.25,0.0,0.0,0.0,0.0461,0.0632,0.0478,0.0291
0.0,0.0,0.0,0.0,0.0,6.25,0.0,0.0,43.75,50.0,0.0,0.0,0.0,0.0,0.0,0.0,0.0,0.0,0.0,0.0,0.0961,0.1325,0.0468,0.0434
0.0,0.0,0.0,0.0,0.0,6.25,0.0,0.0,43.75,50.0,0.0,0.0,0.0,0.0,0.0,0.0,0.0,0.0,0.0,0.0,0.0961,0.1325,0.0468,0.0434
0.0,18.75,0.0,6.25,12.5,12.5,6.25,6.25,0.0,0.0,0.0,0.0,6.25,0.0,0.0,18.75,6.25,6.25,0.0,0.0,0.0467,0.0515,0.0546,0.0543
6.25,0.0,0.0,0.0,6.25,12.5,6.25,0.0,6.25,18.75,0.0,0.0,6.25,0.0,25.0,0.0,0.0,12.5,0.0,0.0,0.1152,0.1129,0.0761,0.0907
0.0,0.0,0.0,0.0,18.75,18.75,0.0,6.25,18.75,0.0,6.25,0.0,6.25,0.0,18.75,0.0,0.0,0.0,0.0,6.25,0.1036,0.1073,0.1106,0.0838
0.0,25.0,0.0,0.0,6.25,12.5,0.0,6.25,0.0,6.25,0.0,0.0,0.0,0.0,31.25,0.0,0.0,6.25,0.0,6.25,0.0803,0.099,0.1047,0.1387
0.0,0.0,12.5,18.75,0.0,0.0,0.0,0.0,12.5,0.0,0.0,0.0,12.5,6.25,12.5,12.5,0.0,0.0,0.0,12.5,0.062,0.0653,0.0773,0.07400000000000001
0.0,12.5,0.0,0.0,12.5,0.0,6.25,0.0,18.75,6.25,6.25,0.0,12.5,0.0,0.0,12.5,0.0,6.25,6.25,0.0,0.069,0.0833,0.040999999999999995,0.0612
0.0,12.5,0.0,0.0,18.75,6.25,0.0,6.25,12.5,6.25,0.0,0.0,18.75,0.0,12.5,6.25,0.0,0.0,0.0,0.0,0.0764,0.0855,0.0601,0.0806
0.0,0.0,12.5,0.0,0.0,0.0,0.0,6.25,6.25,0.0,6.25,6.25,25.0,0.0,18.75,0.0,0.0,6.25,6.25,6.25,0.1002,0.0823,0.1156,0.0605
0.0,0.0,12.5,0.0,0.0,0.0,0.0,0.0,6.25,0.0,6.25,6.25,31.25,0.0,18.75,0.0,0.0,6.25,6.25,6.25,0.1057,0.07200000000000001,0.1094,0.0659
0.0,12.5,6.25,0.0,0.0,6.25,0.0,0.0,6.25,6.25,0.0,6.25,6.25,6.25,6.25,18.75,0.0,12.5,0.0,6.25,0.0736,0.0674,0.0773,0.0525
11.76,11.76,0.0,0.0,5.88,5.88,0.0,0.0,11.76,5.88,0.0,5.88,11.76,0.0,5.88,5.88,5.88,0.0,5.88,5.88,0.0816,0.1037,0.0911,0.0447
